-0.0688333
0.039374
0.0106834
0.066008
0.000912126
-0.079907
-0.0199266
0.0171208
0.0375354
-0.0575497
-0.0660167
-0.0248333
0.0253467
0.0378121
0.0671586
0.0381324
-0.0460136
0.0111813
0.0172858
0.0439671
-0.0659486
0.0434115
0.0719289
-0.0383649
0.0206179
0.100747
-0.0261075
-0.0534838
-0.0546768
-0.00422182
-0.102527
-0.101436
-0.0497341
-0.0235326
0.0745528
0.059309
0.0291196
-0.11999
0.0306371
0.0534469
-0.113645
0.0256364
0.0852804
0.00452716
-0.114684
0.0383531
0.0827032
-0.0490123
-0.0206546
0.135038
-0.133552
-0.120666
-0.0545364
0.116316
-0.0209819
-0.0104265
-0.0381305
-0.0271018
-0.0991553
-0.069223
0.023872
-0.0934781
-0.0364635
0.0956413
0.0117763
-0.0390206
0.0914546
-0.00126083
0.00403444
-0.0287216
0.0294626
0.0122956
0.0772416
0.0289202
-0.045722
-0.0567984
-0.000112049
0.0191994
0.0398545
0.0721978
0.0653744
0.0280462
-0.0382277
-0.0774397
-0.00657584
-0.0567431
0.0107163
0.0286894
-0.114642
-0.0198526
-0.0392497
0.0120844
-0.00588103
-0.0793601
0.0566368
-0.102838
-0.011075
0.0803714
-0.0146225
-0.0849449
