-0.334172
-0.610043
0.26603
-0.13195
-0.10897
0.334277
0.376591
-0.0107824
0.0893249
0.379993
0.300134
-0.374776
0.0448777
0.46426
-0.323126
-0.194962
0.115376
0.517488
-0.178269
-0.0531038
0.171344
0.425474
-0.242747
0.0237754
0.145929
0.0886568
0.0405291
-0.0133237
-0.0146756
0.0628496
-0.276442
-0.209967
0.307449
-0.0741723
0.33905
0.252825
-0.0568648
0.242476
0.074903
0.00295591
-0.112105
0.0100358
0.0390721
0.171564
-0.216892
0.335007
0.14368
0.0797114
-0.172041
0.0595151
-0.162186
0.0452347
0.233179
-0.0509592
-0.152666
-0.090801
0.105821
-0.227458
-0.19646
0.102003
