99.6845
99.9832
100.259
101.056
100.524
100.454
99.2957
99.0152
99.2416
98.7122
98.7594
98.6701
98.6844
98.4426
98.1425
98.0776
98.205
97.7722
97.8543
97.8363
98.4808
98.4229
98.1266
99.2179
98.0653
98.7028
99.1495
98.5228
99.1695
99.385
99.1652
98.5056
98.8297
98.4302
97.6519
97.4546
97.1969
97.236
97.1387
97.8162
98.213
98.1174
97.6064
98.2802
98.7286
100.256
100.41
101.368
101.64
101.692
100.811
101.234
100.743
100.447
100.423
100.266
99.3665
98.9128
99.4473
99.8388
100.244
100.346
100.732
100.874
100.778
101.46
101.318
100.87
101.58
102.308
101.384
101.76
100.567
101.192
100.649
101.108
100.751
100.947
100.147
99.9864
99.9535
100.511
101.56
101.903
102.079
101.477
100.651
100.763
100.844
101.2
101.615
101.828
100.971
101.495
101.435
100.879
100.639
99.8312
99.6347
100.069
99.8817
99.3878
99.2414
99.5075
98.7369
98.1593
98.233
97.5285
98.6316
98.546
98.0329
97.573
97.3029
96.9849
95.8224
96.5257
96.5186
96.505
96.9634
96.3764
95.957
96.2123
96.1782
96.3715
96.3285
96.196
96.9971
97.5974
96.2011
97.0284
98.247
98.9498
98.8291
98.4383
98.8544
98.5034
98.7078
98.697
99.3951
99.1735
98.922
99.1399
100.255
100.303
100.064
100.562
100.982
100.43
100.122
100.759
101.01
99.5816
99.8608
100.398
99.9154
100.308
101.4
101.634
101.27
100.966
100.976
101.198
101.236
101.531
101.447
101.555
102.124
101.499
101.565
101.628
102.172
102.04
102.427
103.083
101.99
102.682
102.101
101.46
99.7886
99.3286
99.3275
99.1096
98.8469
98.2157
98.7103
99.2597
99.5013
98.425
99.7271
99.8134
100.126
99.2658
99.2608
99.4997
99.4204
99.924
100.679
99.9024
100.396
100.626
100.625
99.7183
100.576
100.808
99.777
99.6387
99.8288
100.123
100.051
100.25
101.486
102.398
101.839
101.491
101.427
100.41
99.6369
98.7101
98.0598
98.8513
98.366
97.7861
98.2874
98.0344
98.2733
97.8627
96.8515
97.115
96.2506
95.9689
95.5653
95.6747
95.3697
95.301
94.4477
95.5464
94.8883
95.5503
95.6346
95.714
95.9117
94.8777
95.4101
95.1307
95.7994
95.7174
95.5122
94.8044
94.3879
94.6199
93.9097
92.8381
92.3811
92.8318
93.793
93.4284
92.5983
92.4165
92.5162
92.827
93.9796
94.1044
95.0097
94.7577
94.8066
94.4842
94.1156
93.9741
93.8236
93.4985
93.204
93.7977
94.9506
94.6794
94.5038
94.792
96.554
96.6025
97.1481
98.0199
98.2165
98.7447
99.0935
99.6877
99.0958
99.2144
99.492
99.7624
100.421
100.682
100.021
100.364
99.8555
99.4548
99.2164
99.1542
98.2761
98.9135
98.2574
99.1539
