0.667968
0.620552
1.75428
-1.12665
-0.1247
-2.46121
-0.57116
0.509234
-1.10007
0.12665
-0.163016
0.05688
-0.486326
-0.60842
-0.110791
0.295449
-0.886623
0.198848
-0.0117152
1.38918
-0.0964453
-0.60146
2.35019
-2.42726
1.37996
0.981419
-1.31158
1.40823
0.489847
-0.445312
-1.38334
0.718447
-0.825868
-1.62366
-0.389858
-0.516065
0.107866
-0.178576
1.45463
0.868713
-0.176993
-1.05694
1.45648
0.984928
3.32986
0.364729
2.1342
0.630228
0.144235
-1.91813
0.959472
-1.05196
-0.622699
-0.0237993
-0.317763
-1.92985
-0.95329
1.1829
0.87887
0.912766
0.251834
0.876909
0.341406
-0.184238
1.53833
-0.287434
-0.963247
1.60455
1.65767
-2.03741
0.866748
-2.61915
1.41099
-1.17336
1.0437
-0.762275
0.461425
-1.73832
-0.324931
-0.0443572
1.25661
2.35911
0.797128
0.42696
-1.32287
-1.81062
0.277446
0.20754
0.822115
0.956021
0.508813
-1.88994
1.19838
-0.105632
-1.21418
-0.50467
-1.75877
-0.404428
0.985242
-0.385801
-1.0586
-0.293284
0.611411
-1.65857
-1.22718
0.186407
-1.49368
2.41386
-0.1593
-1.08655
-0.966065
-0.55434
-0.655122
-2.44446
1.51664
0.0110627
-0.00304876
1.00512
-1.22689
-0.864399
0.567377
-0.0466868
0.437085
-0.0654822
-0.256109
1.7379
1.32038
-2.9697
1.79588
2.66565
1.56708
-0.237913
-0.829644
0.940363
-0.743212
0.475824
0.00366334
1.5681
-0.462585
-0.527688
0.508753
2.50896
0.13724
-0.507241
1.1462
0.974918
-1.21463
-0.664307
1.46228
0.596288
-3.1801
0.651284
1.2336
-1.05491
0.910501
2.50065
0.563197
-0.8025
-0.660202
0.0500577
0.534005
0.116594
0.703056
-0.163535
0.275199
1.33559
-1.40318
0.17913
0.175462
1.27905
-0.274414
0.923969
1.55417
-2.50481
1.63157
-1.31511
-1.44543
-3.76677
-1.00415
0.0256159
-0.459371
-0.558093
-1.37376
1.12528
1.25481
0.570292
-2.37612
2.94113
0.223229
0.736811
-1.91276
0.0171907
0.56523
-0.150058
1.16504
1.74509
-1.73668
1.14906
0.554907
0.0266974
-2.03303
1.97815
0.5609
-2.32028
-0.284569
0.459219
0.696989
-0.135194
0.482654
2.86826
2.15143
-1.27116
-0.779157
-0.117188
-2.31271
-1.73291
-2.06421
-1.42724
1.80099
-1.06123
-1.26634
1.14612
-0.537638
0.561704
-0.889513
-2.2131
0.60849
-1.87404
-0.588812
-0.852173
0.264129
-0.636005
-0.122766
-1.81325
2.39839
-1.39927
1.46028
0.209794
0.199492
0.45807
-2.2209
1.18003
-0.580562
1.48201
-0.152735
-0.421235
-1.51021
-0.872362
0.525637
-1.50064
-2.25324
-0.938066
0.974387
2.06896
-0.752943
-1.73478
-0.358221
0.234656
0.681206
